10
*
10
*
1
*
00-2-0- 
#
01-2-1- 
#
02-2-2- 
#
03-2-3-
#
04-2-4-
#
05-2-5- 
#
06-2-6- 
#
07-2-7-
#
08-2-8- 
#
09-2-9-
#
10-2-10-
#
11-2-11-
#
12-2-12-
*
1110110111
1110110111
1000110001
1000110001
1000110001
1000110001
1000110001
1000110001
1000110001
1000110001
*
01 01 01 09 09 09 09 01 01 01
01 01 01 09 09 09 09 01 01 01
01 00 00 06 09 09 06 00 00 01
01 00 00 06 09 09 06 00 00 01
01 00 00 06 09 09 06 00 00 01
01 00 00 06 09 09 06 00 00 01
01 00 00 06 09 09 06 00 00 01
01 00 00 06 09 09 06 00 00 01
01 00 00 06 09 09 06 00 00 01
01 00 00 06 09 09 06 00 00 01
*
2-8
*
3-1-01.txt
*
3,6:1-2/2-1
#
3,2:5-1
*
2,4:1