<<<<<<< HEAD
10
*
10
*
1
*
00-1-0- 
#
01-1-1- 
#
02-1-2- 
#
03-1-3-
#
04-1-4-
#
05-1-5- 
#
06-1-6- 
#
07-1-7-
#
08-1-8- 
#
09-1-9-
#
10-1-10-
#
11-1-11-
#
12-1-12-
*
1110110111
1110110111
1000110001
1000110001
1000110001
1000110001
1000110001
1000110001
1000110001
1000110001
*
01 01 01 09 09 09 09 01 01 01
01 01 01 09 09 09 09 01 01 01
01 00 00 06 09 09 06 00 00 01
01 00 00 06 09 09 06 00 00 01
01 00 00 06 09 09 06 00 00 01
01 00 00 06 09 09 06 00 00 01
01 00 00 06 09 09 06 00 00 01
01 00 00 06 09 09 06 00 00 01
01 00 00 06 09 09 06 00 00 01
01 00 00 06 09 09 06 00 00 01
=======
10
*
10
*
1
*
00-1-0- 
#
01-1-1- 
#
02-1-2- 
#
03-1-3-
#
04-1-4-
#
05-1-5- 
#
06-1-6- 
#
07-1-7-
#
08-1-8- 
#
09-1-9-
#
10-1-10-
#
11-1-11-
#
12-1-12-
*
1110110111
1110110111
1000110001
1000110001
1000110001
1000110001
1000110001
1000110001
1000110001
1000110001
*
01 01 01 09 09 09 09 01 01 01
01 01 01 09 09 09 09 01 01 01
01 00 00 06 09 09 06 00 00 01
01 00 00 06 09 09 06 00 00 01
01 00 00 06 09 09 06 00 00 01
01 00 00 06 09 09 06 00 00 01
01 00 00 06 09 09 06 00 00 01
01 00 00 06 09 09 06 00 00 01
01 00 00 06 09 09 06 00 00 01
01 00 00 06 09 09 06 00 00 01
>>>>>>> e8c878ba040690293b6b5e93546b483205c809c9
