10
*
10
*
1
*
00-1-0- 
#
01-1-1- 
#
02-1-2-  
#
03-1-3-
#
04-1-4-
#
05-1-5- 
#
06-1-6- 
#
07-1-7-
#
08-1-8- 
#
09-1-9-
#
10-1-10-
#
11-1-11-
#
12-1-12-
*
0111111110
0111101110
0000000000
0000000000
0000000000
0000000000
0000000000
0000000000
0000000111
0000000111
*
00 01 01 02 03 04 05 01 01 00
00 01 01 08 09 10 11 01 01 00
00 00 00 06 07 07 06 00 00 00
07 07 07 06 07 07 06 07 07 07
07 07 07 06 07 07 06 07 07 07
07 07 07 06 07 07 06 07 07 07
07 07 07 07 07 07 07 07 07 07
07 07 07 07 07 07 07 07 07 07
07 07 07 07 07 07 07 12 12 12
07 07 07 07 07 07 07 12 12 12
*
3-6
*
5-1-2.txt
